4075811567
4054846530
4070108738
458159130
11197026
3700157082
577301964
13246191
374146003
53733567
485821771
3751613776
4234684555
436804502
3745972195
331738156
58847
3962367034
548995100
3832093193
4234684555
357572706
3809145524
390071091
374146003
519044917
3717665331
358997131
11197026
4095403185
224858557
4089311664
4075811567
4054905789
297602407
3836867610
3663855786
3700102501
305388951
4281671407
64165453
53679936
4071940874
543298896
680262760
436855913
1843385
3963284524
3856596992
3962311621
4293123910
462821897
680262760
357621661
223026421
3904832307
64165453
518979786
3989578344
3936017547
3663855786
4095351630
3997364888
205713840
4075811567
4054846530
4070108738
458159130
11197026
3700157082
577301964
13246191
374146003
53733567
485821771
3751613776
4234684555
436804502
3745972195
331738156
58847
3962367034
548995100
3832093193
4234684555
357572706
3809145524
390071091
374146003
519044917
3717665331
358997131
11197026
4095403185
224858557
4089311664
4075811567
4054905789
297602407
3836867610
3663855786
3700102501
305388951
4281671407
64165453
53679936
4071940874
543298896
680262760
436855913
1843385
3963284524
3856596992
3962311621
4293123910
462821897
680262760
357621661
223026421
3904832307
64165453
518979786
3989578344
3936017547
3663855786
4095351630
3997364888
205713840
4075811567
4054846530
4070108738
458159130
11197026
3700157082
577301964
13246191
374146003
53733567
485821771
3751613776
4234684555
436804502
3745972195
331738156
58847
3962367034
548995100
3832093193
4234684555
357572706
3809145524
390071091
374146003
519044917
3717665331
358997131
11197026
4095403185
224858557
4089311664
4075811567
4054905789
297602407
3836867610
3663855786
3700102501
305388951
4281671407
64165453
53679936
4071940874
543298896
680262760
436855913
1843385
3963284524
3856596992
3962311621
4293123910
462821897
680262760
357621661
223026421
3904832307
64165453
518979786
3989578344
3936017547
3663855786
4095351630
3997364888
205713840
4075811567
4054846530
4070108738
458159130
11197026
3700157082
577301964
13246191
374146003
53733567
485821771
3751613776
4234684555
436804502
3745972195
331738156
58847
3962367034
548995100
3832093193
4234684555
357572706
3809145524
390071091
374146003
519044917
3717665331
358997131
11197026
4095403185
224858557
4089311664
4075811567
4054905789
297602407
3836867610
3663855786
3700102501
305388951
4281671407
64165453
53679936
4071940874
543298896
680262760
436855913
1843385
3963284524
3856596992
3962311621
4293123910
462821897
680262760
357621661
223026421
3904832307
64165453
518979786
3989578344
3936017547
3663855786
4095351630
3997364888
205713840
4075811567
4054846530
4070108738
458159130
11197026
3700157082
577301964
13246191
374146003
53733567
485821771
3751613776
4234684555
436804502
3745972195
331738156
58847
3962367034
548995100
3832093193
4234684555
357572706
3809145524
390071091
374146003
519044917
3717665331
358997131
11197026
4095403185
224858557
4089311664
4075811567
4054905789
297602407
3836867610
3663855786
3700102501
305388951
4281671407
64165453
53679936
4071940874
543298896
680262760
436855913
1843385
3963284524
3856596992
3962311621
4293123910
462821897
680262760
357621661
223026421
3904832307
64165453
518979786
3989578344
3936017547
3663855786
4095351630
3997364888
205713840
4075811567
4054846530
4070108738
458159130
11197026
3700157082
577301964
13246191
374146003
53733567
485821771
3751613776
4234684555
436804502
3745972195
331738156
58847
3962367034
548995100
3832093193
4234684555
357572706
3809145524
390071091
374146003
519044917
3717665331
358997131
11197026
4095403185
224858557
4089311664
4075811567
4054905789
297602407
3836867610
3663855786
3700102501
305388951
4281671407
64165453
53679936
4071940874
543298896
680262760
436855913
1843385
3963284524
3856596992
3962311621
4293123910
462821897
680262760
357621661
223026421
3904832307
64165453
518979786
3989578344
3936017547
3663855786
4095351630
3997364888
205713840
4075811567
4054846530
4070108738
458159130
11197026
3700157082
577301964
13246191
374146003
53733567
485821771
3751613776
4234684555
436804502
3745972195
331738156
58847
3962367034
548995100
3832093193
4234684555
357572706
3809145524
390071091
374146003
519044917
3717665331
358997131
11197026
4095403185
224858557
4089311664
4075811567
4054905789
297602407
3836867610
3663855786
3700102501
305388951
4281671407
64165453
53679936
4071940874
543298896
680262760
436855913
1843385
3963284524
3856596992
3962311621
4293123910
462821897
680262760
357621661
223026421
3904832307
64165453
518979786
3989578344
3936017547
3663855786
4095351630
3997364888
205713840
4075811567
4054846530
4070108738
458159130
11197026
3700157082
577301964
13246191
374146003
53733567
485821771
3751613776
4234684555
436804502
3745972195
331738156
58847
3962367034
548995100
3832093193
4234684555
357572706
3809145524
390071091
374146003
519044917
3717665331
358997131
11197026
4095403185
224858557
4089311664
4075811567
4054905789
297602407
3836867610
3663855786
3700102501
305388951
4281671407
64165453
53679936
4071940874
543298896
680262760
436855913
1843385
3963284524
3856596992
3962311621
4293123910
462821897
680262760
357621661
223026421
3904832307
64165453
518979786
3989578344
3936017547
3663855786
4095351630
3997364888
205713840
4075811567
4054846530
4070108738
458159130
11197026
3700157082
577301964
13246191
374146003
53733567
485821771
3751613776
4234684555
436804502
3745972195
331738156
58847
3962367034
548995100
3832093193
4234684555
357572706
3809145524
390071091
374146003
519044917
3717665331
358997131
11197026
4095403185
224858557
4089311664
4075811567
4054905789
297602407
3836867610
3663855786
3700102501
305388951
4281671407
64165453
53679936
4071940874
543298896
680262760
436855913
1843385
3963284524
3856596992
3962311621
4293123910
462821897
680262760
357621661
223026421
3904832307
64165453
518979786
3989578344
3936017547
3663855786
4095351630
3997364888
205713840
4075811567
4054846530
4070108738
458159130
11197026
3700157082
577301964
13246191
374146003
53733567
485821771
3751613776
4234684555
436804502
3745972195
331738156
58847
3962367034
548995100
3832093193
4234684555
357572706
3809145524
390071091
374146003
519044917
3717665331
358997131
11197026
4095403185
224858557
4089311664
4075811567
4054905789
297602407
3836867610
3663855786
3700102501
305388951
4281671407
64165453
53679936
4071940874
543298896
680262760
436855913
1843385
3963284524
3856596992
3962311621
4293123910
462821897
680262760
357621661
223026421
3904832307
64165453
518979786
3989578344
3936017547
3663855786
4095351630
3997364888
205713840
11360
586618434
3799650569
4180862387
3829924733
4161020528
3814318420
731905902
504489460
186310782
4283637464
4099399295
3746489831
3558998423
434430636
100539264
256245964
4195152653
391707193
4161019194
352785746
381220523
108401618
3863676562
4197262377
532291228
3527148532
472178887
78962019
4168671931
306846542
3699699349
3576039924
3911918685
4111261126
412353975
103935991
3979475133
334163269
47587008
387322145
351992641
4248963996
4123984256
4227666881
273946876
3724276767
612759279
440133798
254141598
4145421749
1825812
3984251577
3659786940
646445205
4036368784
187240511
259126806
86907100
3835490924
3826387580
4159116660
4139710227
79164394
3997232704
3695050661
547022688
4058195161
19538397
111549965
4056080213
538516734
765462115
573303341
4225112810
4099013668
71176361
478217888
3850310885
4289127202
4016175373
4272754460
3868391305
533130479
225827110
4134525287
397220803
3778146533
3747086264
3867413958
209579313
4224651203
4275572518
127144166
3941726554
317320999
4171686989
3784636900
305260195
293673159
505935134
10476177
608114181
3626307285
4032045234
43063815
4210748485
174921339
417927422
495189351
4030533586
62780751
132971009
163507677
181410678
3724933381
3900447616
240459627
3773825784
56746604
3765367990
3832224994
4146648393
588453371
573374092
454358639
3827568903
373939688
54176
3921141224
467407111
3840734831
3721723532
3706525179
148428105
462757090
529724598
4238336620
521143032
4054523755
394533760
570161413
4113570678
4131515869
4162189825
4232312143
264441810
3799907687
3877048574
4120057467
84339781
4251916807
262938802
668667605
3686864389
4284603025
3789157662
4001306823
3989825187
510458340
123397197
3977768743
353368410
4167766246
19402534
70324163
4085509425
427560390
548011960
516944101
3897826243
160553319
4069251366
3761892591
426702729
22220572
278984973
5956386
444667109
3816752800
4223799465
196082724
69868266
3721783853
3529508451
3756465406
239001429
4183432717
4275446237
236791001
3748063072
600047525
297856576
4215927786
155383571
135861620
468585084
459600492
4208072924
4035966486
4107735103
258611600
3648649365
635300540
310893241
4293254164
149560757
4040942750
3854952614
3682268911
570815519
4021033212
67310529
170983808
46009244
3943037761
3907653921
4247396032
3960925509
315619517
4191154167
3882616247
183819718
383067229
718932468
595324565
3988134734
126411451
4216118627
3822837959
767820788
3762626204
97723433
431294098
4186575826
3913807531
3942192466
133963066
3903388217
99939085
4038721740
4194442112
3860652716
735969687
548595175
195681919
11411160
4108771454
3790595572
3563192174
480764244
133964400
465044349
114156979
495325449
3708360258
11360
586618434
3799650569
4180862387
3829924733
4161020528
3814318420
731905902
504489460
186310782
4283637464
4099399295
3746489831
3558998423
434430636
100539264
256245964
4195152653
391707193
4161019194
352785746
381220523
108401618
3863676562
4197262377
532291228
3527148532
472178887
78962019
4168671931
306846542
3699699349
3576039924
3911918685
4111261126
412353975
103935991
3979475133
334163269
47587008
387322145
351992641
4248963996
4123984256
4227666881
273946876
3724276767
612759279
440133798
254141598
4145421749
1825812
3984251577
3659786940
646445205
4036368784
187240511
259126806
86907100
3835490924
3826387580
4159116660
4139710227
79164394
3997232704
3695050661
547022688
4058195161
19538397
111549965
4056080213
538516734
765462115
573303341
4225112810
4099013668
71176361
478217888
3850310885
4289127202
4016175373
4272754460
3868391305
533130479
225827110
4134525287
397220803
3778146533
3747086264
3867413958
209579313
4224651203
4275572518
127144166
3941726554
317320999
4171686989
3784636900
305260195
293673159
505935134
10476177
608114181
3626307285
4032045234
43063815
4210748485
174921339
417927422
495189351
4030533586
62780751
132971009
163507677
181410678
3724933381
3900447616
240459627
3773825784
56746604
3765367990
3832224994
4146648393
588453371
573374092
454358639
3827568903
373939688
54176
3921141224
467407111
3840734831
3721723532
3706525179
148428105
462757090
529724598
4238336620
521143032
4054523755
394533760
570161413
4113570678
4131515869
4162189825
4232312143
264441810
3799907687
3877048574
4120057467
84339781
4251916807
262938802
668667605
3686864389
4284603025
3789157662
4001306823
3989825187
510458340
123397197
3977768743
353368410
4167766246
19402534
70324163
4085509425
427560390
548011960
516944101
3897826243
160553319
4069251366
3761892591
426702729
22220572
278984973
5956386
444667109
3816752800
4223799465
196082724
69868266
3721783853
3529508451
3756465406
239001429
4183432717
4275446237
236791001
3748063072
600047525
297856576
4215927786
155383571
135861620
468585084
459600492
4208072924
4035966486
4107735103
258611600
3648649365
635300540
310893241
4293254164
149560757
4040942750
3854952614
3682268911
570815519
4021033212
67310529
170983808
46009244
3943037761
3907653921
4247396032
3960925509
315619517
4191154167
3882616247
183819718
383067229
718932468
595324565
3988134734
126411451
4216118627
3822837959
767820788
3762626204
97723433
431294098
4186575826
3913807531
3942192466
133963066
3903388217
99939085
4038721740
4194442112
3860652716
735969687
548595175
195681919
11411160
4108771454
3790595572
3563192174
480764244
133964400
465044349
114156979
495325449
3708360258
11360
586618434
3799650569
4180862387
3829924733
4161020528
3814318420
731905902
504489460
186310782
4283637464
4099399295
3746489831
3558998423
434430636
100539264
256245964
4195152653
391707193
4161019194
352785746
381220523
108401618
3863676562
4197262377
532291228
3527148532
472178887
78962019
4168671931
306846542
3699699349
3576039924
3911918685
4111261126
412353975
103935991
3979475133
334163269
47587008
387322145
351992641
4248963996
4123984256
4227666881
273946876
3724276767
612759279
440133798
254141598
4145421749
1825812
3984251577
3659786940
646445205
4036368784
187240511
259126806
86907100
3835490924
3826387580
4159116660
4139710227
79164394
3997232704
3695050661
547022688
4058195161
19538397
111549965
4056080213
538516734
765462115
573303341
4225112810
4099013668
71176361
478217888
3850310885
4289127202
4016175373
4272754460
3868391305
533130479
225827110
4134525287
397220803
3778146533
3747086264
3867413958
209579313
4224651203
4275572518
127144166
3941726554
317320999
4171686989
3784636900
305260195
293673159
505935134
10476177
608114181
3626307285
4032045234
43063815
4210748485
174921339
417927422
495189351
4030533586
62780751
132971009
163507677
181410678
3724933381
3900447616
240459627
3773825784
56746604
3765367990
3832224994
4146648393
588453371
573374092
454358639
3827568903
373939688
3848337184
3879933898
4278508418
344594851
391777205
347866744
3921214206
452329661
528414695
543156483
3929221567
4224699535
3745765723
3584161419
479523701
4118351233
4182115534
4072080681
229961632
4262009229
239015992
460656094
3708093298
526902663
174641778
3933131526
739579195
3579644135
3891730766
4191623283
4262588191
55184184
43649248
41421232
4181521452
268437410
322238415
55306283
407376124
3716747165
4141362451
535635863
3453484320
540467843
42524598
4125093854
88475225
4261607067
4148819048
4036688887
213187041
4215802282
16123882
78513554
4148035433
128710240
4209372965
3921541049
427880783
4180680899
332864753
560138031
3828289114
227075941
58720
4068009829
466685530
3734832943
3962117361
114303171
3867210063
373553081
85716773
4166383200
147062633
4216391058
4278847466
79169962
4081908193
258341879
146338920
33486491
4206495321
169996254
4252557238
3754615427
841678112
3759351703
153627923
578228125
3887599868
4239779883
3972921295
4026533794
113570860
4253551024
4251388128
4239788856
32501535
103356531
403249486
715327719
3555398971
361878278
4120433266
3768182151
586875762
3834318302
4055963704
32971149
4065128352
222823721
112854222
176622977
3815568245
710932107
549312859
70372495
365767103
3751864579
3766679527
3842638013
373881598
3947103864
3903196085
3950385571
16571266
415045578
446756640
4219594345
564330851
3940820313
359278863
698024898
4016118481
4025676058
4073787141
229708097
3961784352
4218088585
3909747210
4142406424
4003849928
438502918
323484466
268564887
4038331676
61402237
4130207667
4281993984
3867277805
510190953
4266447315
3739543574
398390618
141101544
208530191
3976126664
640680423
4038596772
254216416
93644534
548870219
3531279994
4051380338
296752647
4131129941
3920033225
3752334734
4173671423
3927957062
443025762
214367991
64161116
4171231977
251923934
356846489
496502781
3616932784
724493383
423217584
4089037069
810428456
3361932111
3845530377
210574601
3876455728
14213825
3795316245
3738766441
196994320
66785693
2272
4228190621
4098090256
556141673
499772949
4280869569
418514224
4084407561
449454857
933036879
3484624936
206029069
3871852976
3570590791
678036400
3798403069
3938192281
4043050462
123859689
4230743388
4080729847
3851946338
367124038
121318399
542643598
375059913
163842645
3998225927
243607666
763694714
3746109515
4201441014
4040820960
256383140
3654287847
318955720
4086557455
4153870824
3896702298
555477014
28627411
3784828265
427817453
12978944
164886451
4233686141
256642332
4026530199
3971611442
3856467462
291235528
152574744
385221130
76999817
333187104
4065268033
221187845
269349146
278862545
3596878786
3935709455
354166105
3730637155
75490921
3848337184
3879933898
4278508418
344594851
391777205
347866744
3921214206
452329661
528414695
543156483
3929221567
4224699535
3745765723
3584161419
479523701
4118351233
4182115534
4072080681
229961632
4262009229
239015992
460656094
3708093298
526902663
174641778
3933131526
739579195
3579644135
3891730766
4191623283
4262588191
55184184
43649248
41421232
4181521452
268437410
322238415
55306283
407376124
3716747165
4141362451
535635863
3453484320
540467843
42524598
4125093854
88475225
4261607067
4148819048
4036688887
213187041
4215802282
16123882
78513554
4148035433
128710240
4209372965
3921541049
427880783
4180680899
332864753
560138031
3828289114
227075941
3699376128
3960281561
4170639769
217448246
4211340477
3975217562
222424619
4294579218
84873023
112791620
4010208766
510395965
483717031
141026047
197333974
4069391877
4262921194
55507967
80939266
4079878090
4188802244
176098518
3954311947
217705104
4197507946
3881953832
615515418
3661632014
3919652989
130953120
3703431801
647888355
297855911
4253545242
26279292
183697921
180286525
4210028802
228392828
4275047913
252642949
219281039
4291889740
17039474
259259484
232580253
287712871
3520066796
3712687840
134162365
3749378363
220718804
3960597926
3898608716
4267566968
317589346
167114361
4255316994
4177001017
399898104
180474874
3643788243
1371670210
3144761255
24992
1150238631
2923300546
651283411
4114600954
3895195128
118094393
39779330
4128044665
3977381730
27518840
396299340
334491046
4074366676
545782075
4160825277
582295264
774960364
4007339623
4062504093
4035902556
4277928050
3082828
4075812495
4042327685
19926505
4066705276
85061890
4114805821
4111270401
4268817788
41480986
3997232039
3647208931
591651449
4164038560
375335037
633344526
3679454490
413133352
97575786
4077382288
340656907
4118875350
106171588
215220170
4214032642
4239588351
32048106
225705477
4097709014
4154057471
3811372967
3784508989
284880382
4182184004
4210102079
398354
4072664619
319685018
83752125
4077649718
124447129
334698969
595591168
306308832
167187251
4068345691
162534060
481034609
3918468730
26599977
4049005311
3939563985
299431038
25827704
541003973
762243821
3996334552
3802253687
3484807049
3840346208
132580896
3831096683
3224762519
3208391428
364885798
357251305
486611133
256314654
4100123698
363336945
475532170
471598019
3781689882
537784211
297852698
4173521289
279185576
4260299876
166721672
4240435868
397412693
3980398880
136451694
358154450
4185198386
4142332784
2231262
340395338
3940356595
16114495
4035046829
4037278550
163840148
4157145248
4216194137
64553517
4199877052
4185255524
3966826032
3986555691
169147199
4100390711
3946709970
3967554196
81389354
83169280
2272
4211806208
4213696298
327422612
348259282
194707255
4125948735
308347691
328267312
109768292
95095228
4230349357
78840921
137822368
4131127444
257817430
260042157
4278969151
354685427
3954574666
4292742110
152763248
109776690
3936813266
4158527086
314577184
3897559381
54651548
4128372872
34669668
4015851688
121561481
3997228826
3757305747
513278490
3823371203
3819441034
3931641073
194964530
4038659358
3808368829
3937679593
3930175270
1086597892
1070397591
463988075
4162389536
454625376
810282889
492816759
298662360
3532843757
3753971909
4269152632
3995661438
355531217
246082303
4268483113
376510074
3813933425
4132442796
226625371
4127789875
3988776672
3699376128
3960281561
4170639769
217448246
4211340477
3975217562
222424619
4294579218
84873023
112791620
4010208766
510395965
483717031
141026047
197333974
4069391877
4262921194
55507967
80939266
4079878090
4188802244
176098518
3954311947
217705104
4197507946
3881953832
615515418
3661632014
3919652989
130953120
3703431801
647888355
297855911
4253545242
26279292
183697921
180286525
4210028802
228392828
4275047913
252642949
219281039
4291889740
17039474
259259484
232580253
287712871
3520066796
3712687840
134162365
3749378363
220718804
3960597926
3898608716
4267566968
317589346
167114361
4255316994
4177001017
399898104
180474874
3643788243
1371670210
3144761255
3699376128
3845460177
235400925
4045475069
3974829793
4194641446
3973897492
510266500
340327283
149224501
4121559186
201783126
4291096535
4040685963
215086150
43585609
148899491
29295614
4262326367
349312182
650445261
531097008
4199031625
4107594340
4162778983
4263113868
172953966
3891460249
3942846042
38475603
3917675052
260762226
4058899533
3719560790
314106062
359342304
742783872
377279151
396308550
3478843878
3688305064
4054520986
204272608
3976336523
4194641600
402334472
3685415752
274984361
4168807833
4183885929
4190173045
37355236
4106619355
30876821
3545422945
1167848600
657769141
3986801609
702549473
4066972877
403179517
441639397
89338511
3637500270
3401643808
3533771780
369810603
47848571
140576187
4091935260
549515584
3967889933
410139093
952637342
3501724564
218226357
4135841223
4117429881
115866186
4214951590
148904653
609883869
3387950931
687133959
129943620
3995784161
443423958
3771853787
3630299189
3630174016
324000993
187310118
457705021
270330657
186718945
3784636183
3848277799
4180612963
4186895517
4283039196
4029285200
4055242411
4179092134
360516581
159840727
4114481924
81519282
472392218
839320410
571597086
4276887856
4112184541
34930729
182056164
15013453
4014141719
3994681474
4124575490
121239512
4218163050
174855670
518654568
3718451505
237099763
4115258844
3936611618
335677443
3992714304
3997171712
4018340720
284424844
3959098452
4040891111
97461034
3809209109
510130320
150792579
4122342059
176881219
4246734095
4260037545
4282714441
4073583896
425522969
148953873
3769424664
922419053
3668322321
4267650754
264576443
4062112645
301602803
559223382
647495157
3857583982
293074054
431223785
460971517
19281112
3649822201
3637709300
4285078415
3843817836
125426978
3795641846
3751021341
4279363767
339868242
4228046587
3616927139
708766279
4127926312
255465318
174719734
50919906
60560415
424021914
551154961
4075430360
4010991723
3744134971
3836415735
162063878
134551160
289147175
230619782
4283173642
4122737825
4143646975
17960181
4181195018
48956142
2272
152637343
3900766141
411694251
111339849
4097832053
141358549
249434019
536803919
349756755
205662726
3649236415
3714912547
4225835576
3854822506
520025055
148955136
4020627291
348324739
4184868090
25295255
4108644203
469566723
3899593192
4286125864
188417160
56756770
3940942350
4080539724
214439645
3971154661
4219989764
3848274586
4024836145
4045069408
511380692
344783469
129236021
4146527358
255000986
267189356
294779557
3884650113
323279483
4078750742
3446137371
907800324
3981519884
262872613
287048633
4273471573
14224405
261426175
323943577
4177201492
53281205
316212500
501805188
4064552614
4055096253
3900567643
4068145549
184028820
3871141759
3699376128
3845460177
235400925
4045475069
3974829793
4194641446
3973897492
510266500
340327283
149224501
4121559186
201783126
4291096535
4040685963
215086150
43585609
148899491
29295614
4262326367
349312182
650445261
531097008
4199031625
4107594340
4162778983
4263113868
172953966
3891460249
3942846042
38475603
3917675052
260762226
4058899533
3719560790
314106062
359342304
742783872
377279151
396308550
3478843878
3688305064
4054520986
204272608
3976336523
4194641600
402334472
3685415752
274984361
4168807833
4183885929
4190173045
37355236
4106619355
30876821
3545422945
1167848600
657769141
3986801609
702549473
4066972877
403179517
441639397
89338511
3637500270
4075877104
4054846531
4070174275
458159130
11197026
3700157082
577367500
13246192
374146004
53733567
485887308
3751613777
4234684556
436870039
3745972196
331803692
58847
3962367034
549060636
3832093193
4234684556
357638243
3809211061
390136627
374146004
519110454
3717665332
359062667
11197026
4095403186
224924093
4089311664
4075877104
4054905789
297602408
3836933146
3663855786
3700102502
305454487
4281736944
64230989
53679937
4072006411
543364433
680328296
436855913
1843386
3963284524
3856596992
3962311622
4293189446
462887434
680328296
357687197
223091958
3904832307
64230989
519045322
3989578345
3936017547
3663855786
4095351630
3997430425
205779376
4075877104
4054846531
4070174275
458159130
11197026
3700157082
577367500
13246192
374146004
53733567
485887308
3751613777
4234684556
436870039
3745972196
331803692
58847
3962367034
549060636
3832093193
4234684556
357638243
3809211061
390136627
374146004
519110454
3717665332
359062667
11197026
4095403186
224924093
4089311664
4075877104
4054905789
297602408
3836933146
3663855786
3700102502
305454487
4281736944
64230989
53679937
4072006411
543364433
680328296
436855913
1843386
3963284524
3856596992
3962311622
4293189446
462887434
680328296
357687197
223091958
3904832307
64230989
519045322
3989578345
3936017547
3663855786
4095351630
3997430425
205779376
4075877104
4054846531
4070174275
458159130
11197026
3700157082
577367500
13246192
374146004
53733567
485887308
3751613777
4234684556
436870039
3745972196
331803692
58847
3962367034
549060636
3832093193
4234684556
357638243
3809211061
390136627
374146004
519110454
3717665332
359062667
11197026
4095403186
224924093
4089311664
4075877104
4054905789
297602408
3836933146
3663855786
3700102502
305454487
4281736944
64230989
53679937
4072006411
543364433
680328296
436855913
1843386
3963284524
3856596992
3962311622
4293189446
462887434
680328296
357687197
223091958
3904832307
64230989
519045322
3989578345
3936017547
3663855786
4095351630
3997430425
205779376
4075877104
4054846531
4070174275
458159130
11197026
3700157082
577367500
13246192
374146004
53733567
485887308
3751613777
4234684556
436870039
3745972196
331803692
58847
3962367034
549060636
3832093193
4234684556
357638243
3809211061
390136627
374146004
519110454
3717665332
359062667
11197026
4095403186
224924093
4089311664
4075877104
4054905789
297602408
3836933146
3663855786
3700102502
305454487
4281736944
64230989
53679937
4072006411
543364433
680328296
436855913
1843386
3963284524
3856596992
3962311622
4293189446
462887434
680328296
357687197
223091958
3904832307
64230989
519045322
3989578345
3936017547
3663855786
4095351630
3997430425
205779376
4075877104
4054846531
4070174275
458159130
11197026
3700157082
577367500
13246192
374146004
53733567
485887308
3751613777
4234684556
436870039
3745972196
331803692
58847
3962367034
549060636
3832093193
4234684556
357638243
3809211061
390136627
374146004
519110454
3717665332
359062667
11197026
4095403186
224924093
4089311664
4075877104
4054905789
297602408
3836933146
3663855786
3700102502
305454487
4281736944
64230989
53679937
4072006411
543364433
680328296
436855913
1843386
3963284524
3856596992
3962311622
4293189446
462887434
680328296
357687197
223091958
3904832307
64230989
519045322
3989578345
3936017547
3663855786
4095351630
3997430425
205779376
4018924398
3901424919
737799889
3965133172
4294452321
367732616
4190560690
506597145
690291610
676917795
185340807
4056871325
61478462
639439590
3964799427
82825503
4057659616
9573719
4072926259
540728986
259843091
4192790860
350031227
4016627048
3863281642
3765048123
262923208
86508297
74978941
10754623
3856724414
574481372
4278314577
3568106633
283239309
461903348
559349172
4129284647
414061159
3942583399
4124908870
4074378210
4206423513
288300461
440014396
336788563
3911782389
221182891
154925050
4286309961
183704311
3765175655
3944357530
226826667
3705930714
88992039
3808883169
3831829171
4205435105
442440663
532218594
525793144
3785822168
325705318
53950
3969375846
509153240
3769300856
3762750178
3852540887
89643233
463147699
486207969
4206094631
589038554
4068153771
350625434
529794407
4111276791
8709705
4140169210
4073847723
383193077
3958307923
3854964284
4006682029
88665561
220599266
170073414
352390247
3880915559
165798439
3735813556
3833075188
4011844493
726989961
16836177
3720602588
438432190
4284226111
4219999869
4208460553
4032226248
529929019
431816682
278453608
3945008507
102295884
4035240979
3754352282
222161971
4285404503
237500640
4212248863
330172867
3655537382
4233500222
238219677
4109702023
3618173475
3604677530
3788377881
104522162
3927254920
533601
329851252
3557289681
393544983
276163438
4243387125
105447981
4185202355
400231712
548666035
4116128869
3954965285
4043180488
268180124
3828614840
435287374
165142594
133162732
229058175
4045662208
3727811895
3780638701
842660535
3965656021
4179367450
333907088
281151879
4018861914
3761966222
61544151
100656612
265484171
4052875147
4142138161
444846284
440997684
568985914
701818638
101188883
118873619
4184468014
4108902619
911142241
3914665734
114501048
540934241
176815356
3972329639
4042924624
332799623
4009945265
235792866
4163832070
4268366520
4054570988
739049671
621083136
292875026
4288681256
4279820404
3920032539
3576104358
539353257
175384428
483334024
114815945
397152118
3876985190
13692
417995110
3897823094
4180276169
3811645320
4119537516
3755794601
718865830
375059227
15261812
6296872
4002212626
3674012160
3555918023
240506860
26614456
131205382
4059294178
285206705
3962183303
252060240
322760871
4118281468
3754033249
4180485560
380309254
3383946593
186179803
110684718
4176207379
4193781011
3593266958
3726051642
3853981492
3850227916
152830769
242218891
4029609867
4194428388
4233369303
533007502
276232026
4013885831
3961062544
115611162
329325525
3452500663
514455533
567272759
249423872
4065928831
4161922796
4129939522
3859805518
466355896
4026800796
251791816
340130597
178857061
3746429619
3894742304
109780659
4189520429
51704565
4018924398
3901424919
737799889
3965133172
4294452321
367732616
4190560690
506597145
690291610
676917795
185340807
4056871325
61478462
639439590
3964799427
82825503
4057659616
9573719
4072926259
540728986
259843091
4192790860
350031227
4016627048
3863281642
3765048123
262923208
86508297
74978941
10754623
3856724414
574481372
4278314577
3568106633
283239309
461903348
559349172
4129284647
414061159
3942583399
4124908870
4074378210
4206423513
288300461
440014396
336788563
3911782389
221182891
154925050
4286309961
183704311
3765175655
3944357530
226826667
3705930714
88992039
3808883169
3831829171
4205435105
442440663
532218594
525793144
3785822168
325705318
3949856827
183964416
202044228
3754952681
4238393103
39915847
291371747
3598576529
300942819
301928475
3683131638
432407305
4106744116
4177059229
936841536
4109094307
14747389
3936358212
4102418849
560462498
3697407984
326963426
193861483
3759079217
4028629739
3792635795
4178371047
131063752
60483150
3815770164
4115268545
18148589
4246143285
4034784826
344006032
156514249
3696040955
333708503
4057130861
4238017930
4101375838
4244180275
231866775
96268136
269939477
26343331
192742441
4208065171
104335309
48498083
3588283321
3866630699
4173786154
197785380
213713618
4074769783
199881667
239466546
4163246761
3818903560
3694069398
3818849024
475399174
3912048082
11586
382868946
3819570182
476119808
600901270
476108808
131734185
4055627826
4095210435
220204407
4081255122
4097308452
121302058
428284459
706796473
4246472099
4190635981
87030419
4102226985
4268750755
4025152277
4198821736
4063101335
50793779
193595230
56952202
237954925
3961388247
598940667
4138416073
3950976400
260238906
48824629
4276940013
179700673
479135796
4234602062
4164018120
116711911
502269843
266339051
536018737
4101183339
3968012514
597751792
3734567586
192672161
358616900
4280223485
185978275
3358134592
118021533
188346676
3862561545
611918070
3993047067
3994027491
696511377
4003724003
4255060295
56672015
540018665
4093047620
4111012608
345114683
4216984719
559021701
3950436264
4040028726
4053930626
4135198601
177606034
138805955
4086173015
4264428563
4171679597
3729390492
4269211259
506719043
4099734915
204212494
216993199
4011723632
607057579
321121731
4034919544
32768707
4097309711
3791003353
4140311062
3728868214
251329445
4002677193
4085773548
3995463572
4044489000
48826118
4290447918
4165471313
4096719399
4222488302
4272421786
3973786722
4064347647
1113456282
437730334
154331923
3884316030
947259903
3551611132
4031453194
138536804
3581261513
130412079
4165741045
301402490
3822912108
3945597330
3884004479
903352824
4016241862
3733845447
349101807
4179878887
3915969362
338290333
180217038
3914913174
53950
380163478
4114867406
3956795037
379122514
115205095
3946045167
561247687
278920390
3391558136
411055231
349374866
472056428
3993569658
129247733
4164677167
713799369
4156548964
263526410
743327996
3347778047
410776958
4140755731
3857267742
3181641370
230557183
321203298
22674330
72486638
198375975
129502289
4524590
4246144774
250478888
299626388
209319148
292291017
4043766693
566166390
154673686
503979737
197721103
4262265539
260177016
3973967299
3688036011
283249520
4077981103
4090759438
195362179
3788368707
25886331
565705628
123389805
30540819
208801111
4156162755
4117368210
159784841
241046146
255062582
344645544
3736075909
77993103
3949856827
183964416
202044228
3754952681
4238393103
39915847
291371747
3598576529
300942819
301928475
3683131638
432407305
4106744116
4177059229
936841536
4109094307
14747389
3936358212
4102418849
560462498
3697407984
326963426
193861483
3759079217
4028629739
3792635795
4178371047
131063752
60483150
3815770164
4115268545
18148589
4246143285
4034784826
344006032
156514249
3696040955
333708503
4057130861
4238017930
4101375838
4244180275
231866775
96268136
269939477
26343331
192742441
4208065171
104335309
48498083
3588283321
3866630699
4173786154
197785380
213713618
4074769783
199881667
239466546
4163246761
3818903560
3694069398
3818849024
475399174
3912048082
378265798
4186177872
189270561
3828092294
4125288109
165687338
4117100634
464589733
230169299
287761225
299308857
3722902343
221582137
279699129
3681421740
371651680
3899716589
4278641562
3636333096
3836420421
4206417605
403307778
4078173892
3939894697
599259738
47515424
648679052
4109306379
4139248364
129622441
357634446
139402185
4006999759
741933251
4214819933
4272679483
333309645
73923157
307166486
4274057845
355729486
4186701474
4152819896
499124420
784273433
854655835
4181775235
3622363847
3965973104
4091609608
389938914
4246082463
4183237583
4210296238
33031393
118357106
153352223
4005354568
3243910635
3831168194
4078759648
615195154
153943793
3782543693
4163961165
4173786826
4232314544
4163898295
3859610962
4091346843
3960213397
621224077
33558114
4215013737
42260307
4240374861
73461994
3886420067
171121254
3648455188
177925938
4086959834
3997440071
2555603
4069072462
31261696
4112912367
376897682
82380600
4287027626
142214700
3810719057
258941528
276105874
3852593456
76475322
35769793
10092536
47837662
106631854
4000184565
3909215724
654186172
120069296
3346465291
4092863464
267192778
4253814669
256835756
1096284333
165338250
3870675474
4125413475
44103016
150861809
3797159198
283516332
599847635
3606641425
4249429141
142154924
249032457
784809542
202699506
834997191
4046842453
81393297
207689817
14807806
452650628
3742362261
414519843
4280282739
4104653965
4160283052
3991205192
970910722
678883595
538195293
175968274
3818717811
3889892884
3494843513
3862760300
390135602
4110809868
3832542991
4057670715
4045472829
227670102
4264296886
4206030787
27721852
47245726
249693653
4250401060
350022525
81263475
3951746838
160098725
113439840
189537755
197127273
42992784
278260333
137353196
4122548856
127398468
4125946330
4193974562
4209389362
4260360675
3713207832
4146327625
204015554
3999801578
4069261969
3383621949
379513734
642258001
3728467817
4117434686
357305648
3960540569
4223458685
3829656110
185076528
326241746
150342058
217447303
4047706674
432344486
4033085774
3743809160
103940954
196351781
3893623833
87358165
374804311
311360403
3765171829
4090822170
4094158255
4157737005
320612933
3808751215
3683109991
286587682
2039216
192743470
4141168782
3566727344
522198451
4214887073
295428268
4090027551
46660784
256840668
566022996
894833113
4104389651
4270201406
4064285760
373224534
313652172
342818922
78374476
3779859851
180885400
3809011468
588906183
598602750
231795537
4107668420
4087092879
4226550977
3479375539
249236023
4168025783
56751146
3971611685
4080330204
195358756
645790387
4207928872
4052351088
357435375
184424825
3839309983
335265262
4192469809
3651470776
233294355
4028639315
4264039069
3894670529
378265798
4186177872
189270561
3828092294
4125288109
165687338
4117100634
464589733
230169299
287761225
299308857
3722902343
221582137
279699129
3681421740
371651680
3899716589
4278641562
3636333096
3836420421
4206417605
403307778
4078173892
3939894697
599259738
47515424
648679052
4109306379
4139248364
129622441
357634446
139402185
4006999759
741933251
4214819933
4272679483
333309645
73923157
307166486
4274057845
355729486
4186701474
4152819896
499124420
784273433
854655835
4181775235
3622363847
3965973104
4091609608
389938914
4246082463
4183237583
4210296238
33031393
118357106
153352223
4005354568
3243910635
3831168194
4078759648
615195154
153943793
3782543693
